#   LINEAR light curves for RR Lyrae star SDSSJ015450+001501 (225 epochs) 
#   LINEAR ID = 25154736 
#   For details, see Sesar et al. 2011 (AJ 142, 190) and Sesar et al. 2013 (AJ 146, 21)
#           mjd           mag     magErr
        52608.145642    15.559     0.257
        52608.175414    15.424     0.024
        52622.130242    15.243     0.098
        52641.151309    15.281     0.020
        52641.166493    15.241     0.017
        52641.181789    15.247     0.017
        52641.197409    15.325     0.017
        52641.212990    15.364     0.018
        52644.093021    14.780     0.015
        52644.109900    14.842     0.013
        52644.126784    14.895     0.015
        52644.143333    14.909     0.015
        52667.086272    14.985     0.013
        52667.101437    15.017     0.015
        52667.116577    15.059     0.015
        52667.131952    15.105     0.015
        52667.147116    15.244     0.017
        52852.395433    14.890     0.039
        52852.405977    14.884     0.017
        52852.416971    14.906     0.017
        52852.427518    14.956     0.017
        52852.438189    14.994     0.022
        52874.356189    15.356     0.026
        52874.368403    15.329     0.026
        52874.380820    15.354     0.030
        52874.392937    15.355     0.026
        52874.405399    15.361     0.026
        52884.313405    15.059     0.022
        52884.325021    15.043     0.020
        52884.336609    15.090     0.020
        52884.348254    15.111     0.022
        52884.359791    15.120     0.020
        52901.356253    14.574     0.011
        52901.368699    14.640     0.011
        52901.381327    14.687     0.013
        52901.393631    14.722     0.013
        52901.405901    14.772     0.013
        52932.313875    15.354     0.018
        52972.189645    15.012     0.015
        52972.202770    15.004     0.013
        52972.216089    15.047     0.013
        52972.229253    15.084     0.013
        52972.242326    15.099     0.013
        52987.138846    15.394     0.017
        52987.151664    15.385     0.017
        52987.164775    15.431     0.030
        52987.177684    15.464     0.033
        52987.190534    15.481     0.033
        53033.088616    15.478     0.041
        53033.100880    15.522     0.046
        53033.113102    15.470     0.059
        53033.125366    15.661     0.089
        53033.137487    15.513     0.061
        53226.395122    15.061     0.018
        53226.404804    15.117     0.018
        53226.414338    15.146     0.018
        53226.423853    15.106     0.020
        53226.433337    15.160     0.020
        53256.297495    15.015     0.015
        53256.320902    15.063     0.016
        53256.332953    15.104     0.016
        53285.378872    15.505     0.028
        53296.256875    14.774     0.020
        53296.268869    14.198     0.018
        53296.280911    14.114     0.013
        53296.293753    14.403     0.015
        53296.306243    13.458     0.013
        53315.245012    15.471     0.022
        53315.256872    15.514     0.050
        53315.268738    15.519     0.026
        53315.280597    15.529     0.050
        53315.292456    15.527     0.085
        53316.195467    15.029     0.049
        53321.196913    14.796     0.013
        53321.208806    14.848     0.013
        53321.220792    14.892     0.013
        53321.232685    14.889     0.013
        53321.244577    14.939     0.013
        53327.190914    15.310     0.028
        53327.203785    15.358     0.025
        53327.229207    15.424     0.026
        53327.241976    15.305     0.046
        53329.186803    15.574     0.153
        53329.200934    15.333     0.086
        53329.215097    15.627     0.221
        53346.186086    15.149     0.015
        53346.199760    15.194     0.015
        53346.212839    15.161     0.015
        53346.224977    15.188     0.015
        53346.237139    15.240     0.015
        53351.148926    14.837     0.015
        53351.161659    14.877     0.013
        53351.176036    14.899     0.015
        53351.189414    14.958     0.015
        53351.203494    14.983     0.015
        53352.141025    15.321     0.025
        53352.154438    15.356     0.028
        53352.167765    15.394     0.023
        53352.181442    15.429     0.025
        53352.194600    15.462     0.026
        53353.133351    15.146     0.016
        53353.146741    15.122     0.020
        53353.160531    14.975     0.015
        53353.174017    15.128     0.016
        53353.188233    14.889     0.015
        53619.348348    14.920     0.015
        53619.359552    14.927     0.015
        53619.370826    14.926     0.015
        53619.381998    14.994     0.013
        53643.288977    15.700     0.218
        53643.310059    15.467     0.026
        53643.320623    15.484     0.026
        53643.331157    15.523     0.024
        53670.289928    14.881     0.015
        53670.301766    14.915     0.013
        53710.134091    15.340     0.024
        53710.146667    15.332     0.022
        53710.159206    15.430     0.024
        53710.171750    15.423     0.022
        53746.137623    15.022     0.035
        53746.150421    14.975     0.035
        53746.162982    15.039     0.037
        53746.175737    15.116     0.039
        53746.188165    15.141     0.043
        53954.377877    14.850     0.026
        53954.404637    14.953     0.028
        53954.416976    15.023     0.021
        53954.428290    14.922     0.023
        53976.355386    15.512     0.045
        53976.365895    15.312     0.028
        53976.376377    15.213     0.043
        54004.293081    15.250     0.023
        54004.305156    15.339     0.023
        54004.317532    15.258     0.023
        54004.329790    15.366     0.025
        54009.296184    15.177     0.020
        54009.308442    15.202     0.020
        54009.320710    15.222     0.020
        54039.266054    15.248     0.028
        54039.277842    15.273     0.030
        54039.289327    15.312     0.030
        54039.300989    15.274     0.030
        54039.312766    15.299     0.028
        54060.188999    15.073     0.015
        54060.201559    15.111     0.015
        54060.214070    15.126     0.016
        54060.226569    15.161     0.016
        54060.239124    15.128     0.016
        54080.131024    15.364     0.023
        54080.144061    15.381     0.023
        54080.157332    15.435     0.023
        54080.170886    15.421     0.023
        54080.185270    15.387     0.023
        54091.117181    15.521     0.026
        54091.129057    15.549     0.030
        54091.141034    15.550     0.031
        54091.152739    15.582     0.028
        54324.389108    14.626     0.009
        54324.401027    14.673     0.009
        54324.412911    14.695     0.009
        54324.424801    14.755     0.009
        54324.436683    14.764     0.009
        54358.341573    15.351     0.036
        54358.353821    15.262     0.035
        54358.365338    15.198     0.033
        54358.376701    15.207     0.035
        54358.388904    15.438     0.028
        54364.289002    15.376     0.020
        54364.301166    15.340     0.024
        54364.313301    15.349     0.018
        54364.325491    15.374     0.018
        54364.337729    15.388     0.018
        54392.248176    15.326     0.017
        54392.258814    15.384     0.017
        54392.269448    15.343     0.017
        54392.280120    15.395     0.017
        54392.290765    15.317     0.017
        54415.195856    15.343     0.011
        54415.208489    15.339     0.011
        54415.220601    15.357     0.011
        54415.232691    15.349     0.011
        54415.244781    15.361     0.011
        54433.263078    14.978     0.011
        54433.275658    14.852     0.011
        54433.300957    14.627     0.009
        54433.313517    14.653     0.011
        54462.196465    15.170     0.013
        54462.235020    15.221     0.017
        54462.247902    15.201     0.018
        54497.086514    14.857     0.009
        54497.098793    14.880     0.009
        54497.111136    14.907     0.009
        54497.123401    14.943     0.009
        54497.135672    14.972     0.009
        54505.091335    15.350     0.015
        54505.103310    15.369     0.015
        54505.115696    15.417     0.015
        54505.127641    15.416     0.017
        54505.139601    15.464     0.018
        54677.397740    15.376     0.043
        54677.419633    15.447     0.036
        54677.430668    15.189     0.035
        54732.294073    15.190     0.013
        54732.306009    15.213     0.015
        54732.317950    15.233     0.015
        54732.329902    15.251     0.015
        54732.341830    15.258     0.015
        54738.289146    15.500     0.017
        54738.301429    15.487     0.017
        54738.313707    15.512     0.017
        54738.326008    15.536     0.017
        54738.338287    15.495     0.017
        54763.259072    14.608     0.007
        54763.270553    14.648     0.007
        54763.282158    14.658     0.007
        54763.293656    14.703     0.009
        54763.305326    14.720     0.009
        54768.212958    15.488     0.018
        54768.236137    15.490     0.018
        54768.247715    15.533     0.020
        54769.286232    15.260     0.015
        54769.297882    15.257     0.015
        54817.189695    15.344     0.013
        54817.202363    15.355     0.015
        54817.215042    15.098     0.133
